St	Category	4/80cen	7/81	7/82	7/83	7/84	7/85	7/86	7/87	7/88	7/89
US	POPULATION	226545805	229465714	231664458	233791994	235824902	237923795	240132887	242288918	244498982	246819230
US	CHANGE	2919909	2198744	2127536	2032908	2098893	2209092	2156031	2210064	2320248	1890643
US	%CHANGE	1.29	0.96	0.92	0.87	0.89	0.93	0.9	0.91	0.95	0.77
US	BIRTHS	4492372	3665896	3681245	3614016	3731164	3765546	3782283	3849412	3947890	3076428
US	DEATHS	2471643	1968365	1998559	2033124	2068679	2091359	2105024	2163984	2161764	1637394
US	RESIDUAL	899180	501213	444850	452015	436408	534905	478771	524636	534121	451609
AL	POPULATION	3893888	3918531	3925266	3934102	3951820	3972523	3991569	4015264	4023844	4030222
AL	CHANGE	24643	6735	8836	17719	20702	19046	23695	8580	6378	10365
AL	%CHANGE	0.63	0.17	0.23	0.45	0.52	0.48	0.59	0.21	0.16	0.26
AL	BIRTHS	77796	61142	60099	58480	59728	59736	59542	60034	61364	47826
AL	DEATHS	44094	35089	35323	36128	37206	37650	37623	38801	39221	29820
AL	RESIDUAL	-9059	-19318	-15940	-4633	-1819	-3040	1776	-12652	-15764	-7641
AK	POPULATION	401851	418491	449606	488417	513702	532495	544268	539309	541983	547159
AK	CHANGE	16640	31115	38811	25285	18793	11773	-4959	2674	5177	2884
AK	%CHANGE	4.14	7.44	8.63	5.18	3.66	2.21	-0.91	0.5	0.96	0.53
AK	BIRTHS	12234	10819	11796	12210	12787	12589	11948	11431	11358	8869
AK	DEATHS	2168	1771	1866	1952	2044	2110	2091	2077	2069	1585
AK	RESIDUAL	6573	22067	28880	15027	8049	1294	-14816	-6679	-4112	-4400
AZ	POPULATION	2718215	2810107	2889861	2968925	3067135	3183538	3308262	3437103	3535183	3622185
AZ	CHANGE	91892	79754	79065	98210	116403	124724	128841	98079	87003	43043
AZ	%CHANGE	3.38	2.84	2.74	3.31	3.8	3.92	3.89	2.85	2.46	1.19
AZ	BIRTHS	62951	52317	53127	53500	57523	60249	62112	64338	66079	51294
AZ	DEATHS	26543	21594	22280	23243	24323	25020	26004	27367	28107	21722
AZ	RESIDUAL	55483	49031	48217	67952	83203	89495	92732	61108	49030	13470
AR	POPULATION	2286435	2293201	2294257	2305761	2319768	2327046	2331984	2342355	2342656	2346358
AR	CHANGE	6766	1056	11504	14007	7278	4938	10371	301	3702	4367
AR	%CHANGE	0.3	0.05	0.5	0.61	0.31	0.21	0.44	0.01	0.16	0.19
AR	BIRTHS	45498	35716	35346	34494	35179	34888	34508	34554	35127	27457
AR	DEATHS	28150	22304	22776	23465	24016	24049	24133	24902	24867	18860
AR	RESIDUAL	-10581	-12356	-1066	2978	-3885	-5900	-3	-9351	-6557	-4230
CA	POPULATION	23667902	24285933	24820009	25360026	25844393	26441109	27102237	27777158	28464249	29218164
CA	CHANGE	618031	534077	540016	484367	596716	661128	674921	687092	753914	541857
CA	%CHANGE	2.61	2.2	2.18	1.91	2.31	2.5	2.49	2.47	2.65	1.85
CA	BIRTHS	509049	426585	435563	437368	461530	477700	492979	517284	548949	434935
CA	DEATHS	231877	186159	188713	192680	199844	202530	205790	214564	216756	165349
CA	RESIDUAL	340858	293650	293166	239679	335029	385958	387731	384371	421721	272271
CO	POPULATION	2889964	2977898	3061564	3133630	3169992	3208723	3237450	3260480	3262281	3275818
CO	CHANGE	87934	83665	72066	36362	38731	28727	23030	1801	13537	18576
CO	%CHANGE	3.04	2.81	2.35	1.16	1.22	0.9	0.71	0.06	0.41	0.57
CO	BIRTHS	62944	53636	55075	53968	55054	55317	54512	53481	52782	40309
CO	DEATHS	23842	19464	19643	20040	20421	20524	20894	21434	21306	16139
CO	RESIDUAL	48832	49493	36633	2434	4097	-6065	-10587	-30246	-17938	-5594
CT	POPULATION	3107576	3128836	3139013	3162354	3180014	3201131	3223740	3247291	3271953	3283403
CT	CHANGE	21260	10176	23341	17660	21117	22610	23550	24662	11450	3713
CT	%CHANGE	0.68	0.33	0.74	0.56	0.66	0.71	0.73	0.76	0.35	0.11
CT	BIRTHS	48755	40465	41119	41222	43306	44550	45861	47355	48560	37771
CT	DEATHS	33577	26512	27029	27583	28079	28061	28095	28710	28478	21555
CT	RESIDUAL	6082	-3776	9251	4020	5890	6120	5784	6016	-8631	-12502
DE	POPULATION	594338	595975	599148	605458	611565	618280	627559	636947	647622	658273
DE	CHANGE	1637	3173	6310	6106	6715	9279	9388	10674	10651	7895
DE	%CHANGE	0.28	0.53	1.05	1.01	1.1	1.5	1.5	1.68	1.64	1.2
DE	BIRTHS	11578	9218	9269	9156	9495	9685	9793	10125	10499	8163
DE	DEATHS	6312	5078	5074	5080	5320	5543	5587	5734	5813	4447
DE	RESIDUAL	-3629	-966	2115	2030	2540	5137	5182	6283	5965	4179
DC	POPULATION	638333	636893	634174	632433	633382	634549	638269	636930	630432	624168
DC	CHANGE	-1440	-2719	-1742	950	1167	3719	-1339	-6497	-6265	-17268
DC	%CHANGE	-0.23	-0.43	-0.27	0.15	0.18	0.59	-0.21	-1.02	-0.99	-2.77
DC	BIRTHS	11535	9391	9515	9470	9707	9903	10117	10329	10997	8839
DC	DEATHS	8648	6645	6602	6719	6842	7095	7312	7576	7651	5839
DC	RESIDUAL	-4326	-5464	-4654	-1801	-1698	911	-4144	-9250	-9610	-20267
FL	POPULATION	9746324	10192774	10471407	10749851	11039925	11351118	11667505	11997283	12306395	12637715
FL	CHANGE	446450	278633	278443	290074	311193	316387	329778	309112	331321	300211
FL	%CHANGE	4.58	2.73	2.66	2.7	2.82	2.79	2.83	2.58	2.69	2.38
FL	BIRTHS	167038	142002	147738	150817	160360	166103	171410	179216	185899	144609
FL	DEATHS	132702	108556	111061	114625	118381	121996	125386	130839	132485	101186
FL	RESIDUAL	412114	245187	241766	253882	269214	272279	283753	260734	277906	256787
GA	POPULATION	5463105	5568345	5649792	5728250	5834954	5962661	6084666	6208467	6316142	6411099
GA	CHANGE	105240	81447	78458	106704	127707	122005	123801	107675	94957	67117
GA	%CHANGE	1.93	1.46	1.39	1.86	2.19	2.05	2.03	1.73	1.5	1.05
GA	BIRTHS	113327	90426	90827	90263	94793	97469	100349	104004	107611	84239
GA	DEATHS	55506	44484	45364	46694	47976	49008	49677	51427	52165	39939
GA	RESIDUAL	47418	35505	32994	63135	80890	73543	73128	55097	39511	22816
HI	POPULATION	964691	978195	993780	1012717	1027922	1039698	1051762	1067918	1079828	1094588
HI	CHANGE	13504	15586	18937	15204	11776	12065	16156	11910	14760	13641
HI	%CHANGE	1.4	1.59	1.91	1.5	1.15	1.16	1.54	1.12	1.37	1.25
HI	BIRTHS	22542	18494	19009	18695	18572	18316	18417	18714	19057	14788
HI	DEATHS	6092	5016	5281	5516	5694	5776	5959	6125	6281	4987
HI	RESIDUAL	-2946	2107	5208	2025	-1101	-475	3697	-678	1983	3839
ID	POPULATION	943935	962204	973721	981869	990839	994051	990224	984997	985664	994416
ID	CHANGE	18269	11517	8149	8970	3212	-3827	-5227	666	8752	12333
ID	%CHANGE	1.94	1.2	0.84	0.91	0.32	-0.38	-0.53	0.07	0.89	1.24
ID	BIRTHS	24693	19612	19297	18178	17877	17038	16188	15797	15722	12149
ID	DEATHS	8505	6900	7086	7253	7213	7233	7313	7562	7563	5663
ID	RESIDUAL	2080	-1195	-4062	-1955	-7451	-13631	-14101	-7568	592	5847
IL	POPULATION	11426518	11443458	11423412	11408818	11412132	11399806	11387257	11391178	11390183	11409782
IL	CHANGE	16940	-20046	-14594	3314	-12326	-12550	3921	-996	19599	20820
IL	%CHANGE	0.15	-0.18	-0.13	0.03	-0.11	-0.11	0.03	-0.01	0.17	0.18
IL	BIRTHS	233433	184964	182469	177201	180979	179168	178636	182262	186690	145506
IL	DEATHS	127266	100719	101551	101922	101930	102581	102378	104743	104633	78995
IL	RESIDUAL	-89226	-104291	-95511	-71965	-91374	-89136	-72336	-78514	-62457	-45690
IN	POPULATION	5490224	5480435	5467922	5450395	5458322	5459211	5454108	5473012	5491735	5523693
IN	CHANGE	-9789	-12514	-17526	7927	889	-5103	18904	18722	31958	20466
IN	%CHANGE	-0.18	-0.23	-0.32	0.15	0.02	-0.09	0.35	0.34	0.58	0.37
IN	BIRTHS	107962	84611	82920	79499	80881	80351	78918	79791	81952	63643
IN	DEATHS	59039	46850	47287	47698	47998	48764	48967	49966	49778	37569
IN	RESIDUAL	-58711	-50274	-53159	-23873	-31994	-36690	-11046	-11102	-215	-5608
IA	POPULATION	2913808	2907983	2888189	2870543	2858618	2829684	2791970	2767011	2768388	2770592
IA	CHANGE	-5825	-19794	-17646	-11925	-28934	-37714	-24959	1377	2204	6163
IA	%CHANGE	-0.2	-0.68	-0.61	-0.42	-1.01	-1.33	-0.89	0.05	0.08	0.22
IA	BIRTHS	58438	45502	44297	42358	41995	40068	38338	37894	38313	29792
IA	DEATHS	33742	26843	27264	27375	27562	27443	27068	27845	27659	20819
IA	RESIDUAL	-30521	-38452	-34679	-26907	-43366	-50338	-36229	-8672	-8449	-2809
KS	POPULATION	2363679	2384849	2401202	2415531	2424086	2427405	2432619	2445367	2461996	2472849
KS	CHANGE	21170	16353	14329	8555	3319	5214	12748	16629	10854	4725
KS	%CHANGE	0.9	0.69	0.6	0.35	0.14	0.21	0.52	0.68	0.44	0.19
KS	BIRTHS	50796	41136	40843	39757	39918	39420	38835	38492	38498	29576
KS	DEATHS	27186	21601	21854	22139	22133	21992	22025	22669	22588	16932
KS	RESIDUAL	-2439	-3181	-4660	-9063	-14465	-12214	-4062	805	-5056	-7919
KY	POPULATION	3660777	3670394	3683445	3694484	3695453	3694826	3687809	3683329	3679999	3677306
KY	CHANGE	9617	13052	11039	969	-627	-7017	-4480	-3330	-2693	7990
KY	%CHANGE	0.26	0.36	0.3	0.03	-0.02	-0.19	-0.12	-0.09	-0.07	0.22
KY	BIRTHS	72809	57067	55936	53398	53307	52397	51606	51098	51886	40711
KY	DEATHS	41898	32968	33593	34048	34405	34833	34624	35467	35579	26967
KY	RESIDUAL	-21294	-11047	-11304	-18380	-19529	-24580	-21462	-18960	-19000	-5754
LA	POPULATION	4205900	4283303	4352608	4395316	4400477	4408118	4406919	4344148	4288863	4252894
LA	CHANGE	77403	69305	42708	5161	7641	-1199	-62771	-55285	-35969	-32921
LA	%CHANGE	1.84	1.62	0.98	0.12	0.17	-0.03	-1.42	-1.27	-0.84	-0.77
LA	BIRTHS	102028	83683	84088	81129	81885	79923	76007	73779	73548	56565
LA	DEATHS	44557	35766	36157	36231	36593	36676	36277	37405	37771	28784
LA	RESIDUAL	19932	21387	-5223	-39736	-37650	-44446	-102501	-91658	-71746	-60701
ME	POPULATION	1124660	1133033	1136684	1144772	1155635	1162936	1170126	1184574	1203840	1219961
ME	CHANGE	8373	3651	8088	10863	7301	7191	14447	19267	16121	7967
ME	%CHANGE	0.74	0.32	0.71	0.95	0.63	0.62	1.23	1.63	1.34	0.65
ME	BIRTHS	20510	16694	16749	16439	16863	16861	16734	16918	17240	13354
ME	DEATHS	13224	10374	10716	10924	11177	11296	11190	11486	11350	8504
ME	RESIDUAL	1086	-2668	2054	5347	1614	1625	8903	13834	10231	3116
MD	POPULATION	4216975	4261905	4282923	4313327	4365243	4413071	4486957	4565557	4657904	4727301
MD	CHANGE	44930	21018	30404	51915	47828	73886	78600	92347	69397	54167
MD	%CHANGE	1.07	0.49	0.71	1.2	1.1	1.67	1.75	2.02	1.49	1.15
MD	BIRTHS	75194	62892	64284	64002	66981	68950	71062	74346	77013	59768
MD	DEATHS	42441	33965	34633	35317	36188	37002	37608	38738	38592	29202
MD	RESIDUAL	12177	-7909	753	23230	17034	41938	45146	56738	30976	23601
MA	POPULATION	5737037	5768685	5771222	5799407	5840773	5880733	5902678	5935204	5979982	6015478
MA	CHANGE	31648	2537	28185	41366	39960	21944	32527	44778	35496	947
MA	%CHANGE	0.55	0.04	0.49	0.71	0.68	0.37	0.55	0.75	0.59	0.02
MA	BIRTHS	90837	75119	76402	76375	80414	82203	83803	86550	88644	68752
MA	DEATHS	67506	52745	53674	54938	55698	55720	55640	56665	55396	41231
MA	RESIDUAL	8317	-19837	5457	19928	15243	-4538	4363	14893	2247	-26574
MI	POPULATION	9262078	9209287	9115198	9047754	9049452	9076293	9127775	9187481	9217998	9253295
MI	CHANGE	-52791	-94089	-67444	1698	26841	51482	59706	30517	35297	42002
MI	%CHANGE	-0.57	-1.02	-0.74	0.02	0.3	0.57	0.65	0.33	0.38	0.45
MI	BIRTHS	178341	139826	136457	133032	137704	138261	139148	139813	143295	113302
MI	DEATHS	94110	75541	76321	76899	77997	79487	79854	80828	79778	60237
MI	RESIDUAL	-137021	-158373	-127579	-54435	-32866	-7291	411	-28468	-28220	-11062
MN	POPULATION	4075970	4111728	4131450	4141456	4157706	4184302	4205212	4235136	4296166	4338057
MN	CHANGE	35758	19723	10005	16251	26596	20910	29924	61030	41891	37042
MN	%CHANGE	0.88	0.48	0.24	0.39	0.64	0.5	0.71	1.44	0.98	0.85
MN	BIRTHS	84676	68843	67505	65443	67423	66794	65515	65839	66829	51634
MN	DEATHS	41409	32832	33542	33991	34478	34960	34725	35362	35045	26273
MN	RESIDUAL	-7509	-16288	-23957	-15201	-6349	-10923	-866	30552	10106	11681
MS	POPULATION	2520638	2539036	2556777	2567717	2578051	2588102	2593597	2588545	2580352	2574269
MS	CHANGE	18398	17741	10940	10334	10051	5496	-5052	-8193	-6083	-1053
MS	%CHANGE	0.73	0.7	0.43	0.4	0.39	0.21	-0.19	-0.32	-0.24	-0.04
MS	BIRTHS	58606	46262	45279	43413	43847	42786	41606	41582	42344	32923
MS	DEATHS	29341	23247	23574	23924	24324	24478	24392	24892	25132	19364
MS	RESIDUAL	-10866	-5273	-10765	-9155	-9472	-12812	-22266	-24882	-23295	-14612
MO	POPULATION	4916686	4932064	4929451	4943733	4975278	5000268	5023068	5056696	5081736	5095830
MO	CHANGE	15378	-2614	14282	31545	24990	22800	33629	25039	14095	21243
MO	%CHANGE	0.31	-0.05	0.29	0.64	0.5	0.46	0.67	0.5	0.28	0.42
MO	BIRTHS	96711	77005	76612	74210	75991	76142	75041	75358	76432	59199
MO	DEATHS	61227	48282	48922	49402	49793	50091	50092	51058	50684	38464
MO	RESIDUAL	-20105	-31336	-13407	6736	-1207	-3251	8679	739	-11653	507
MT	POPULATION	786690	795328	803986	814031	820905	822320	813739	805063	800202	799636
MT	CHANGE	8638	8659	10044	6874	1415	-8581	-8676	-4862	-565	-571
MT	%CHANGE	1.1	1.09	1.25	0.84	0.17	-1.04	-1.07	-0.6	-0.07	-0.07
MT	BIRTHS	17699	14478	14395	13956	13900	13154	12493	11935	11616	8933
MT	DEATHS	8342	6655	6683	6731	6754	6737	6657	6754	6776	5150
MT	RESIDUAL	-719	835	2332	-351	-5731	-14997	-14511	-10042	-5405	-4354
NE	POPULATION	1569825	1578515	1581780	1584293	1588639	1584664	1574333	1566547	1571477	1574864
NE	CHANGE	8690	3265	2514	4346	-3975	-10331	-7786	4930	3387	3521
NE	%CHANGE	0.55	0.21	0.16	0.27	-0.25	-0.65	-0.49	0.31	0.22	0.22
NE	BIRTHS	33870	27165	26790	25910	25971	25063	24138	23813	23945	18526
NE	DEATHS	18115	14547	14676	14736	14856	14794	14715	15008	14903	11330
NE	RESIDUAL	-7065	-9353	-9600	-6828	-15090	-20599	-17208	-3875	-5655	-3674
NV	POPULATION	800493	847655	881537	901977	924922	951030	980613	1023376	1075022	1137382
NV	CHANGE	47162	33882	20440	22946	26108	29583	42762	51647	62360	64451
NV	%CHANGE	5.89	4	2.32	2.54	2.82	3.11	4.36	5.05	5.8	5.67
NV	BIRTHS	16876	14359	14483	14352	15099	15619	16222	17231	18686	14946
NV	DEATHS	7275	6048	6345	6540	6999	7279	7559	8168	8496	6530
NV	RESIDUAL	37560	25571	12301	15133	18007	21242	34099	42583	52170	56034
NH	POPULATION	920610	936621	947719	958134	976864	996753	1025053	1054289	1082577	1104522
NH	CHANGE	16011	11098	10415	18730	19888	28301	29236	28288	21945	4730
NH	%CHANGE	1.74	1.18	1.1	1.95	2.04	2.84	2.85	2.68	2.03	0.43
NH	BIRTHS	16923	13825	13963	13809	14856	15635	16443	17168	17515	13602
NH	DEATHS	9514	7618	7774	7992	8220	8462	8474	8680	8659	6476
NH	RESIDUAL	8601	4891	4225	12913	13252	21127	21266	19799	13089	-2396
NJ	POPULATION	7364823	7407472	7430968	7467785	7515473	7565528	7622159	7670742	7712333	7726089
NJ	CHANGE	42649	23497	36816	47688	50056	56630	48583	41591	13756	4099
NJ	%CHANGE	0.58	0.32	0.5	0.64	0.67	0.75	0.64	0.54	0.18	0.05
NJ	BIRTHS	119678	97586	99153	98883	103696	107191	110916	115187	115957	88177
NJ	DEATHS	84984	67141	68259	69124	70234	71053	71395	73011	70048	51112
NJ	RESIDUAL	7954	-6948	5922	17929	16593	20492	9061	-584	-32152	-32965
NM	POPULATION	1302894	1332748	1363823	1394361	1416717	1438361	1462729	1478520	1490337	1503901
NM	CHANGE	29854	31076	30538	22356	21644	24368	15791	11818	13563	11168
NM	%CHANGE	2.29	2.33	2.24	1.6	1.53	1.69	1.08	0.8	0.91	0.74
NM	BIRTHS	33016	27191	27746	27161	27553	27447	27284	27042	26982	20861
NM	DEATHS	11082	8900	9177	9366	9629	9832	10150	10458	10474	8009
NM	RESIDUAL	7919	12784	11969	4560	3720	6752	-1343	-4766	-2944	-1683
NY	POPULATION	17558072	17567734	17589738	17686905	17745684	17791672	17833419	17868848	17941309	17983086
NY	CHANGE	9662	22005	97167	58779	45987	41748	35428	72461	41777	7369
NY	%CHANGE	0.06	0.13	0.55	0.33	0.26	0.23	0.2	0.41	0.23	0.04
NY	BIRTHS	298299	245289	249227	246915	256024	261696	267388	275236	284127	222078
NY	DEATHS	211951	166440	168156	169657	170672	170854	171000	175152	173181	129905
NY	RESIDUAL	-76686	-56844	16095	-18478	-39364	-49094	-60959	-27622	-69168	-84804
NC	POPULATION	5881766	5956653	6019101	6077056	6164006	6253954	6321578	6403700	6480594	6565459
NC	CHANGE	74887	62448	57955	86950	89948	67624	82122	76895	84865	63178
NC	%CHANGE	1.27	1.05	0.96	1.43	1.46	1.08	1.3	1.2	1.31	0.96
NC	BIRTHS	104580	85154	85462	84084	88162	90065	91920	95372	99435	78028
NC	DEATHS	60842	48787	49510	50849	52333	53853	54870	57078	57851	43978
NC	RESIDUAL	31148	26081	22003	53714	54118	31412	45071	38600	43280	29127
ND	POPULATION	652717	659505	668972	676688	680497	676980	669512	661136	655331	646351
ND	CHANGE	6788	9468	7716	3809	-3517	-7468	-8376	-5805	-8980	-7551
ND	%CHANGE	1.04	1.44	1.15	0.56	-0.52	-1.1	-1.25	-0.88	-1.37	-1.17
ND	BIRTHS	15104	12577	12596	11951	11805	11294	10571	10187	9790	7330
ND	DEATHS	6916	5411	5494	5561	5588	5450	5400	5666	5611	4214
ND	RESIDUAL	-1400	2301	614	-2581	-9734	-13312	-13547	-10325	-13159	-10666
OH	POPULATION	10797630	10788330	10757087	10737632	10737746	10734926	10730268	10760090	10798552	10829217
OH	CHANGE	-9300	-31243	-19455	114	-2820	-4658	29821	38463	30665	17898
OH	%CHANGE	-0.09	-0.29	-0.18	0	-0.03	-0.04	0.28	0.36	0.28	0.17
OH	BIRTHS	208730	166374	162726	156896	160319	159686	158003	158804	161365	125288
OH	DEATHS	121793	95251	96206	97589	98365	99289	99219	100876	99705	75104
OH	RESIDUAL	-96236	-102366	-85974	-59192	-64774	-65054	-28962	-19465	-30995	-32286
OK	POPULATION	3025290	3096164	3206123	3290402	3285533	3271332	3252735	3210122	3167057	3150307
OK	CHANGE	70874	109959	84279	-4869	-14201	-18596	-42613	-43065	-16750	-4722
OK	%CHANGE	2.34	3.55	2.63	-0.15	-0.43	-0.57	-1.31	-1.34	-0.53	-0.15
OK	BIRTHS	65447	56381	58177	55041	54026	51984	49154	47395	46949	36042
OK	DEATHS	35398	28845	29409	29151	29356	29747	29395	29813	29785	22589
OK	RESIDUAL	40824	82423	55511	-30759	-38871	-40833	-62372	-60647	-33914	-18174
OR	POPULATION	2633105	2667982	2664922	2653066	2666588	2672652	2683528	2700991	2741297	2790575
OR	CHANGE	34877	-3060	-11856	13522	6065	10875	17463	40307	49277	51746
OR	%CHANGE	1.32	-0.11	-0.44	0.51	0.23	0.41	0.65	1.49	1.8	1.85
OR	BIRTHS	53469	42160	40770	39330	39713	39259	38783	39182	40367	31542
OR	DEATHS	27180	21657	22045	22841	23603	23600	23717	24631	24754	18903
OR	RESIDUAL	8588	-23562	-30581	-2967	-10045	-4783	2397	25755	33664	39107
PA	POPULATION	11863895	11858567	11845146	11837723	11815172	11770862	11782752	11810866	11845752	11865996
PA	CHANGE	-5328	-13421	-7423	-22551	-44310	11891	28114	34885	20244	15647
PA	%CHANGE	-0.04	-0.11	-0.06	-0.19	-0.38	0.1	0.24	0.3	0.17	0.13
PA	BIRTHS	197847	161508	160811	155728	159310	160658	161456	163482	165938	128564
PA	DEATHS	152048	118778	120094	121813	123065	123648	124171	126559	124811	94203
PA	RESIDUAL	-51126	-56151	-48140	-56466	-80555	-25119	-9171	-2037	-20882	-18713
RI	POPULATION	947154	953013	954170	956382	961894	968955	977341	989604	996408	1000666
RI	CHANGE	5859	1157	2211	5512	7061	8386	12263	6805	4258	2798
RI	%CHANGE	0.62	0.12	0.23	0.58	0.73	0.87	1.25	0.69	0.43	0.28
RI	BIRTHS	15243	12512	12622	12488	12892	13198	13691	14088	14121	10841
RI	DEATHS	11529	9040	9159	9399	9588	9684	9691	9821	9780	7453
RI	RESIDUAL	2144	-2314	-1251	2423	3756	4871	8263	2537	-83	-590
SC	POPULATION	3121820	3179255	3207614	3234066	3271868	3303209	3342758	3380506	3412096	3456775
SC	CHANGE	57435	28359	26452	37803	31341	39549	37748	31590	44678	29928
SC	%CHANGE	1.84	0.89	0.82	1.17	0.96	1.2	1.13	0.93	1.31	0.87
SC	BIRTHS	64398	51850	51497	50138	51494	51942	52287	53843	55937	43762
SC	DEATHS	31517	25192	25677	26373	26882	27628	28252	29243	29651	22645
SC	RESIDUAL	24554	1700	631	14037	6729	15234	13713	6990	18392	8811
SD	POPULATION	690768	689584	690597	693008	697249	698402	696034	696036	698165	696701
SD	CHANGE	-1184	1014	2410	4241	1153	-2367	2	2129	-1464	-697
SD	%CHANGE	-0.17	0.15	0.35	0.61	0.17	-0.34	0	0.31	-0.21	-0.1
SD	BIRTHS	16202	12832	12768	12350	12350	11911	11562	11311	11077	8478
SD	DEATHS	8110	6499	6626	6599	6599	6601	6608	6689	6588	5012
SD	RESIDUAL	-9276	-5319	-3731	-1509	-4598	-7677	-4952	-2492	-5953	-4163
TN	POPULATION	4591120	4627658	4646041	4659749	4686737	4715296	4738708	4782927	4822437	4854444
TN	CHANGE	36538	18383	13708	26989	28559	23412	44219	39510	32008	22741
TN	%CHANGE	0.8	0.4	0.3	0.58	0.61	0.5	0.93	0.83	0.66	0.47
TN	BIRTHS	84819	67330	66740	64546	66214	66691	67143	69195	71615	55920
TN	DEATHS	50707	40298	41067	42126	42964	43756	44490	45795	45805	34759
TN	RESIDUAL	2425	-8648	-11965	4568	5308	476	21565	16109	6197	1579
TX	POPULATION	14229191	14746318	15331415	15751676	16007086	16272734	16561113	16621791	16667022	16806735
TX	CHANGE	517127	585098	420261	255410	265648	288379	60678	45231	139713	179775
TX	%CHANGE	3.63	3.97	2.74	1.62	1.66	1.77	0.37	0.27	0.84	1.07
TX	BIRTHS	343694	290669	298391	294121	305037	308414	304636	302063	304144	235234
TX	DEATHS	136081	110681	113330	116291	118182	118531	118991	122565	124344	95410
TX	RESIDUAL	309513	405109	235199	77579	78792	98496	-124966	-134267	-40086	39951
UT	POPULATION	1461037	1515471	1558314	1594943	1622342	1642910	1662834	1678119	1689372	1705864
UT	CHANGE	54434	42843	36628	27399	20568	19924	15285	11253	16492	16986
UT	%CHANGE	3.73	2.83	2.35	1.72	1.27	1.21	0.92	0.67	0.98	1
UT	BIRTHS	51658	41572	40773	38459	38095	37032	35862	35595	35643	27233
UT	DEATHS	10195	8367	8519	8756	9048	8974	8956	9221	9277	7100
UT	RESIDUAL	12971	9638	4374	-2304	-8478	-8134	-11620	-15120	-9874	-3146
VT	POPULATION	511456	515594	519109	523302	526660	530035	534066	540267	549763	557707
VT	CHANGE	4138	3515	4193	3358	3375	4031	6201	9496	7944	5051
VT	%CHANGE	0.81	0.68	0.81	0.64	0.64	0.76	1.16	1.76	1.45	0.91
VT	BIRTHS	9824	8022	8044	7865	8028	8086	8110	8100	8272	6498
VT	DEATHS	5600	4398	4542	4566	4611	4713	4757	4768	4646	3511
VT	RESIDUAL	-85	-108	691	58	-42	658	2847	6163	4318	2064
VA	POPULATION	5346818	5444097	5492783	5564657	5643870	5715153	5811700	5932268	6036909	6120246
VA	CHANGE	97279	48686	71874	79213	71283	96548	120567	104641	83337	67112
VA	%CHANGE	1.82	0.89	1.31	1.42	1.26	1.69	2.07	1.76	1.38	1.1
VA	BIRTHS	97838	80488	81486	80930	84679	86703	88782	91423	94305	73788
VA	DEATHS	52901	41973	42953	44214	45019	45905	46473	47602	47592	36082
VA	RESIDUAL	52342	10170	33341	42496	31623	55749	78258	60820	36623	29406
WA	POPULATION	4132156	4235731	4276552	4300266	4343656	4400098	4452720	4531901	4639893	4746316
WA	CHANGE	103575	40821	23714	43390	56442	52622	79180	107992	106423	120376
WA	%CHANGE	2.51	0.96	0.55	1.01	1.3	1.2	1.78	2.38	2.29	2.54
WA	BIRTHS	85235	69906	69592	68144	69978	70040	69930	71281	73592	57594
WA	DEATHS	39966	32109	32569	33371	34339	34355	34511	36020	36377	27614
WA	RESIDUAL	58305	3024	-13309	8616	20803	16937	43761	72731	69207	90396
WV	POPULATION	1949644	1954124	1949604	1945061	1927697	1906831	1882350	1857585	1830215	1806568
WV	CHANGE	4480	-4520	-4542	-17364	-20866	-24481	-24765	-27371	-23647	-13091
WV	%CHANGE	0.23	-0.23	-0.23	-0.89	-1.08	-1.28	-1.32	-1.47	-1.29	-0.72
WV	BIRTHS	35758	27650	26761	24942	24483	23723	22826	22097	21849	16895
WV	DEATHS	23871	18974	19193	19333	19424	19661	19778	19995	19764	14968
WV	RESIDUAL	-7407	-13196	-12110	-22973	-25924	-28543	-27812	-29472	-25732	-15017
WI	POPULATION	4705767	4726343	4728870	4721438	4735563	4747767	4755618	4777919	4822388	4856574
WI	CHANGE	20576	2527	-7432	14124	12204	7851	22301	44469	34187	35195
WI	%CHANGE	0.44	0.05	-0.16	0.3	0.26	0.17	0.47	0.93	0.71	0.72
WI	BIRTHS	92640	74605	73923	72042	73766	73162	71622	70682	70987	55007
WI	DEATHS	50776	40284	40731	41177	41462	41780	41980	43001	42874	32414
WI	RESIDUAL	-21288	-31793	-40623	-16740	-20099	-23530	-7340	16787	6073	12601
WY	POPULATION	469557	491712	506400	510345	504896	499695	495633	476965	465101	458374
WY	CHANGE	22155	14689	3945	-5449	-5202	-4062	-18668	-11864	-6726	-4786
WY	%CHANGE	4.72	2.99	0.78	-1.07	-1.03	-0.81	-3.77	-2.49	-1.45	-1.04
WY	BIRTHS	13244	10986	10728	9898	9615	9026	8076	7316	6988	5288
WY	DEATHS	3988	3167	3179	3183	3252	3255	3111	3168	3265	2491
WY	RESIDUAL	12898	6869	-3604	-12163	-11564	-9832	-23633	-16012	-10449	-7583
